3 0.4014423076923077 0.5564903846153846 0.2920673076923077 0.10697115384615384
3 0.29927884615384615 0.453125 0.14302884615384615 0.09975961538461539
3 0.13701923076923078 0.5036057692307693 0.0985576923076923 0.039663461538461536
3 0.2091346153846154 0.6466346153846154 0.2608173076923077 0.16706730769230768
3 0.42427884615384615 0.7848557692307693 0.484375 0.11658653846153846
3 0.8004807692307693 0.7151442307692307 0.39302884615384615 0.24278846153846154
3 0.8449519230769231 0.9435096153846154 0.0985576923076923 0.10697115384615384
3 0.9278846153846154 0.49278846153846156 0.11057692307692307 0.03365384615384615
3 0.8233173076923077 0.5661057692307693 0.17668269230769232 0.11298076923076923
3 0.7379807692307693 0.4855769230769231 0.21875 0.05048076923076923
