3 0.7932692307692307 0.4795673076923077 0.06009615384615385 0.052884615384615384
3 0.6201923076923077 0.35336538461538464 0.25 0.0733173076923077
3 0.12259615384615384 0.6286057692307693 0.23677884615384615 0.28966346153846156
3 0.05048076923076923 0.8918269230769231 0.10096153846153846 0.21033653846153846
3 0.5588942307692307 0.84375 0.3713942307692308 0.2668269230769231
3 0.7572115384615384 0.6899038461538461 0.078125 0.0733173076923077
3 0.5240384615384616 0.5372596153846154 0.12980769230769232 0.08052884615384616
3 0.3858173076923077 0.6237980769230769 0.06009615384615385 0.039663461538461536
3 0.33653846153846156 0.41466346153846156 0.06009615384615385 0.04326923076923077
3 0.7019230769230769 0.44711538461538464 0.11177884615384616 0.06610576923076923
3 0.71875 0.5228365384615384 0.046875 0.03365384615384615
3 0.8353365384615384 0.6117788461538461 0.056490384615384616 0.056490384615384616
3 0.7980769230769231 0.7764423076923077 0.06009615384615385 0.06009615384615385
3 0.38221153846153844 0.31850961538461536 0.16947115384615385 0.04326923076923077
