3 0.47115384615384615 0.9230769230769231 0.21634615384615385 0.11538461538461539
3 0.265625 0.8425480769230769 0.13221153846153846 0.0889423076923077
3 0.4230769230769231 0.7764423076923077 0.21634615384615385 0.057692307692307696
3 0.5372596153846154 0.6971153846153846 0.11298076923076923 0.04807692307692308
3 0.38100961538461536 0.5889423076923077 0.0889423076923077 0.03365384615384615
3 0.06009615384615385 0.8257211538461539 0.1201923076923077 0.20432692307692307
3 0.25961538461538464 0.5024038461538461 0.08173076923076923 0.04807692307692308
3 0.4879807692307692 0.4807692307692308 0.07211538461538461 0.038461538461538464
3 0.7403846153846154 0.7608173076923077 0.0625 0.04567307692307692
3 0.7259615384615384 0.6610576923076923 0.0625 0.038461538461538464
3 0.6754807692307693 0.6141826923076923 0.07692307692307693 0.04567307692307692
3 0.8870192307692307 0.9338942307692307 0.22115384615384615 0.12740384615384615
