3 0.5108173076923077 0.28966346153846156 0.08413461538461539 0.08052884615384616
3 0.5865384615384616 0.2127403846153846 0.04927884615384615 0.052884615384615384
3 0.5769230769230769 0.41947115384615385 0.0733173076923077 0.09975961538461539
3 0.4723557692307692 0.5600961538461539 0.09975961538461539 0.052884615384615384
3 0.4951923076923077 0.5144230769230769 0.07091346153846154 0.030048076923076924
3 0.7367788461538461 0.6201923076923077 0.055288461538461536 0.11298076923076923
3 0.7740384615384616 0.78125 0.08653846153846154 0.1502403846153846
3 0.6983173076923077 0.4182692307692308 0.04447115384615385 0.06971153846153846
3 0.6646634615384616 0.28725961538461536 0.057692307692307696 0.08052884615384616
3 0.4735576923076923 0.3786057692307692 0.039663461538461536 0.030048076923076924
3 0.4639423076923077 0.41346153846153844 0.039663461538461536 0.020432692307692308
3 0.49038461538461536 0.3449519230769231 0.028846153846153848 0.02283653846153846
3 0.5240384615384616 0.16466346153846154 0.036057692307692304 0.02283653846153846
