3 0.05048076923076923 0.038461538461538464 0.040865384615384616 0.014423076923076924
3 0.02403846153846154 0.078125 0.04807692307692308 0.030048076923076924
3 0.11298076923076923 0.056490384615384616 0.07451923076923077 0.03365384615384615
3 0.13822115384615385 0.006009615384615385 0.04567307692307692 0.01201923076923077
3 0.09735576923076923 0.02403846153846154 0.037259615384615384 0.015625
3 0.07211538461538461 0.006009615384615385 0.04807692307692308 0.01201923076923077
3 0.030048076923076924 0.002403846153846154 0.03245192307692308 0.003605769230769231
3 0.010817307692307692 0.009615384615384616 0.020432692307692308 0.014423076923076924
3 0.4807692307692308 0.39903846153846156 0.1310096153846154 0.09254807692307693
3 0.7536057692307693 0.2127403846153846 0.038461538461538464 0.026442307692307692
3 0.5300480769230769 0.8161057692307693 0.056490384615384616 0.046875
