3 0.41346153846153844 0.4795673076923077 0.39302884615384615 0.30649038461538464
3 0.15264423076923078 0.8064903846153846 0.30528846153846156 0.2127403846153846
3 0.8269230769230769 0.5144230769230769 0.25 0.12379807692307693
3 0.8305288461538461 0.6334134615384616 0.25 0.13341346153846154
3 0.7932692307692307 0.8100961538461539 0.21754807692307693 0.2536057692307692
3 0.6935096153846154 0.3786057692307692 0.2620192307692308 0.12379807692307693
3 0.6646634615384616 0.27524038461538464 0.15504807692307693 0.056490384615384616
3 0.3786057692307692 0.16466346153846154 0.17307692307692307 0.06971153846153846
3 0.5745192307692307 0.19471153846153846 0.17548076923076922 0.07692307692307693
3 0.7391826923076923 0.15865384615384615 0.13701923076923078 0.09014423076923077
3 0.6574519230769231 0.09495192307692307 0.1045673076923077 0.05048076923076923
3 0.5492788461538461 0.06971153846153846 0.11778846153846154 0.039663461538461536
3 0.4387019230769231 0.09495192307692307 0.11778846153846154 0.04326923076923077
3 0.25961538461538464 0.11298076923076923 0.08533653846153846 0.03365384615384615
3 0.29086538461538464 0.06370192307692307 0.0625 0.020432692307692308
3 0.3112980769230769 0.02283653846153846 0.057692307692307696 0.020432692307692308
3 0.3798076923076923 0.039663461538461536 0.06009615384615385 0.026442307692307692
